k1 = 1;
k2 = 0.5;
k3 = -0.5;
k4 = 1.40;
k5 = 1.65;
k6 = 2;
