kR = 5;
Tr = 1;
kE1 = 10;
kE2 = 15;
k1 = 0.08;
T1 = 0.05;
Ti = 10;
kem = 0.8;
kEM = 0.02;
kC = 1;
Tc = 0.5;

%HPI = kC*(1+sTr)/sTr;

%A = [ -1.15 -0.65 ; 0.2 -0.85];
%B = [ -0.5 kE2-kE1 ; 1.55 -1.05];
%C = [Ti 0 ; 1.3 -1];
%D = [0 0 ; 0 0];


%A = [ -1.5 -1.65 ; 0.25 -0.30];
%B = [ -0.65 kE2-kE1+0.5 ; 1.55 -1.85];
%C = [Ti+0.5 0 ; 0 0.5];
%D = [0 0 ; 0 0];

A = [ -1.2 -1.40 ; -0.05 -1];
B = [ 1.2 -8.005 ; 1 -1.7];
C = [-Ti 0 ; 0 -1.3];
D = [0 0 ; 0 0];

A1 = [ -20 -1.28 ; 10 0];
B1 = [ 40 0 ; 0 -10];
C1 = [0 1];
D1 = [0 0];
